0.006479311190415541
0
-0.06530333006126715
0
0.006126679910451206
0
-0.007020758016058232
0
-0.036916578206569996
0
-0.024661202373331914
0
-0.041521184100998275
0
-0.021287280287908668
0
0.0040331741249696
0
-0.013796148933386961
0
0.021157374776249963
0
-0.09711354246869841
0
-0.10400927318916657
0
-0.1358307402368449
0
-0.04608708547140451
0
0.031049620380106717
0
0.13542788574504389
1
0.008985348967236262
0
-0.009002912525532952
0
-0.019133740754668005
0
-0.08033931022809612
0
0.005340916268097363
0
1.5909633554237403E-4
0
0.12142527323411693
1
0.06950781708999751
1
-0.05264707583309078
0
-0.037890450088466573
0
-0.16858540968867552
0
-0.04045118516171889
0
0.08373326574978952
1
0.10796987852140712
1
0.010278088535575524
0
0.017082019729535134
0
-0.035624471068512124
0
-0.02328382766808314
0
0.12305149547532858
1
0.02806480498841999
0
0.015137229439405136
0
0.09713700173168584
1
0.14770896074784035
1
-0.10671454580646925
0
0.011185390586251747
0
0.03588005259809993
0
-0.03904056527026829
0
-0.08072367243173481
0
0.0256777103794212
0
0.05050992296344331
1
-0.05035872299802557
0
0.039915407686519265
0
-0.06554614205480368
0
-0.017170429196985144
0
0.05705088854431643
1
0.11525248913699589
1
-0.003335208740481056
0
-0.04520811686907188
0
0.04369440275738274
0
-0.08952580343826237
0
0.11833241951215404
1
-0.02063691501541509
0
-0.05706651392583594
0
-0.051724654403936775
0
0.11701859057528405
1
-0.029280748103094528
0
0.011634748491619325
0
-0.03132808467875016
0
0.01211565580889138
0
0.09831384064018701
1
0.10139721075916358
1
0.07240578831578759
1
-0.04240778405401081
0
-0.027449108032074548
0
0.016180205357401726
0
-0.029402130272158
0
-0.04333190692863598
0
-0.059738379678778215
0
-7.465710099295844E-4
0
-0.04476614769622782
0
-0.017482521387516586
0
0.061112277686960786
1
-0.006451798094171306
0
0.0886602194295285
1
0.04707830182752092
1
0.0024939632417217378
0
0.056452453854443384
1
0.03654534404778614
0
0.04666454972632985
1
-0.029650914595036604
0
-0.018963266921500386
0
-0.0372328157911958
0
0.029580119247477717
0
-0.03780655298470715
0
0.015091056611294668
0
0.031110874776008428
0
-0.05450726410022676
0
-0.08068924433580843
0
0.014825659592272106
0
-0.017278344423567866
0
0.046787473978257034
1
0.05010810964553307
1
0.016554566101864454
0
-0.024079033783207193
0
-0.011774557137507427
0
0.016822482074301467
0
0.001881595642475259
0
0.07268525384636677
1
0.11019510686036181
1
0.04743510874452135
1
0.017126102139794822
0
-0.050683839837211545
0
-0.010164019948110878
0
0.13782294067448922
1
0.1223179635417219
1
-0.046003376776581985
0
0.03194454808973785
0
-0.011117957326931308
0
-0.04296354898952921
0
0.06545239286786945
1
0.07713383435572345
1
0.05586092231375013
1
0.07104657285870694
1
0.07151996953624692
1
0.06264320689173238
1
-0.11585211534844542
0
-0.16429238472617314
0
0.09715461543079089
1
-0.13576709679766535
0
-0.05211981580140637
0
0.029935125546931188
0
-0.07783642415023473
0
0.1184564122394657
1
0.003481042813127377
0
-0.05253372982903737
0
0.05944792078883194
1
0.0030549816046433866
0
-0.021280513779506568
0
-0.022062143670669342
0
-0.024095052299463144
0
0.030516976314149364
0
0.11570870624843023
1
-0.07334250556446485
0
0.05506672143381914
1
-0.043546426351144
0
-0.038826341288124754
0
0.018994668040809567
0
0.04739490555370708
1
-0.0028029774555380963
0
-0.010446314809354094
0
-0.10068059103446295
0
0.047444435942525544
1
-0.07442344972719832
0
0.06489435499651121
1
-0.05236779395759822
0
-0.058881548339477445
0
0.09786589953097476
1
-0.0734495492124694
0
-0.02521858007871192
0
-0.07392586013892916
0
0.03822364630305923
0
0.003198661620177017
0
-0.025459352153283807
0
0.07965908904053609
1
-0.03996115284835521
0
-0.10683394407236
0
-0.024137125217791013
0
0.02196072516657239
0
-0.01415344240635112
0
-0.07412558576370867
0
0.024965957673754383
0
0.10140955702728482
1
-0.11824269219525908
0
0.005675332382679413
0
-0.0023679792260739357
0
6.466378455606149E-4
0
0.08743097559122737
1
-0.06779912217548037
0
-0.009652545755346536
0
0.011822259495116103
0
0.020623580847887592
0
0.015958048930196724
0
0.021094303774372564
0
-0.06958284712108655
0
0.012745565781036744
0
-0.05852663196531964
0
-0.09766335409342085
0
-0.0019198759529731996
0
-0.049317709953213155
0
0.12389729714197636
1
0.0010730777359772474
0
0.0029338697416337652
0
-0.13469344947791645
0
-0.0675218457708626
0
0.05860211132369806
1
-0.05911513463337061
0
0.06447692521162451
1
-0.09046106903469806
0
0.060597235191720306
1
0.09180581489620745
1
0.0026735488119835134
0
0.029718439282488917
0
-0.022178336633686128
0
-0.10572461997687213
0
-0.09453922149813149
0
-0.09247932383040394
0
-0.043989981090008526
0
-0.018104911921930766
0
0.04977017667417873
1
0.020126287632172717
0
-0.01946061748727102
0
-0.0035917019797801087
0
-0.013050259990247903
0
-0.07153425448134626
0
0.03886895859501141
0
0.05732506203447021
1
-0.07205685892563662
0
0.11309286457875636
1
0.02488713904961064
0
0.0412997718082558
0
0.030649115366207284
0
-0.04733256487749961
0
-0.12889249713710121
0
-0.07110889318846891
0
0.08035295859868825
1
-0.1550893893541675
0
0.08619402521666607
1
0.0793104986281112
1
-0.034179378234284484
0
0.0852189673832897
1
-0.10110423122250944
0
-0.04528475998273637
0
-0.016880834332036673
0
-0.007882867024178735
0
-0.01394401103875392
0
-0.1437911973759741
0
0.022907750155897407
0
0.04772981741466127
1
-0.01607132333437262
0
-0.0587030317831063
0
-0.050257588183199524
0
-0.057835668085746986
0
0.03625102963268224
0
0.0997543333936848
1
-0.02668600335844682
0
0.126296499965645
1
0.09981530675235356
1
0.19582563387465973
1
0.05996901322934041
1
-0.09755653563573524
0
0.02002672132426075
0
-0.03416519190122277
0
-0.07292333096292608
0
-0.030487118703388476
0
0.053233558162154394
1
-0.09895385363818177
0
-0.02793486534843896
0
0.004171698945954742
0
-0.022979327611594512
0
0.010912704315329017
0
-0.012612963006809124
0
-0.017194562202436016
0
-0.1608768289652001
0
0.04073592839814968
0
0.0076107923228878015
0
-0.026931519389681493
0
-0.018352390447879712
0
-0.02797256186102391
0
0.09268290611377906
1
-0.004208245523174844
0
0.016169182411529474
0
-0.029118908782704574
0
0.014711660669167381
0
-0.01861226092293107
0
-0.0056544534613992515
0
-0.008074456913621226
0
0.08799305676731058
1
-0.014748871547785645
0
0.05497029580815846
1
0.03837548428863457
0
-0.06963893111211082
0
-0.09774850666367012
0
0.12240928966514894
1
-0.06718784634925228
0
-0.03188116371348391
0
0.0020812864832968573
0
-0.02473971064048053
0
-0.03847527747198906
0
0.053010808375833635
1
-0.02626073000043796
0
-0.12304185238299536
0
-0.06735432180725888
0
-0.130950730374752
0
-0.03547506117653589
0
-0.05883295148844034
0
-0.06952376077174512
0
-0.08217765112847589
0
0.056616364231949254
1
0.029746042677921334
0
-0.012108763393957351
0
-0.06358405684016591
0
-0.0814275591571942
0
-0.021327158542221378
0
0.09057328126185399
1
-0.07421550052368059
0
-0.07281845406076319
0
-0.0028120516999346813
0
-0.018435028115369248
0
0.01046226461266016
0
0.06480457239423251
1
0.08771567061955973
1
-8.685995831902474E-4
0
-0.02796486936455387
0
0.038088144433312224
0
-0.031528302410451674
0
5.741366684249352E-4
0
0.011194074981578046
0
-0.051558477346013674
0
-0.02704258385770228
0
0.06445152517349478
1
-0.01648736423583686
0
0.025752472637400235
0
0.1635766598891758
1
-0.16355471676562092
0
0.05264930278746894
1
0.12497091857113937
1
-0.009098311434336268
0
0.037570478645824246
0
0.03171077587347016
0
0.08303296331194862
1
0.06300256280445678
1
0.06995505448171899
1
-0.020859798135886974
0
-0.08000619473639854
0
0.02636169815633791
0
-0.017254794816863293
0
-0.05800309728453059
0
-0.09031952022903754
0
0.01810164140271488
0
-0.0024687597278795176
0
-0.012674549848387541
0
-0.02816459213582303
0
-0.037659277969019446
0
0.0393244935084582
0
-0.10793913237772847
0
0.09037421772958407
1
-0.003835994729743866
0
-0.021576418455014987
0
0.057621653650553224
1
-0.01085238862650918
0
0.017884026444424432
0
-0.028653079802053515
0
0.017000853094774504
0
-0.013132674679838127
0
0.05699524495378117
1
0.11476266111172115
1
0.05834031467975119
1
0.026234021937673723
0
0.15368183564510443
1
-0.10354585068881263
0
0.04910698871188277
1
-0.09951910108522895
0
0.004837455822523846
0
-0.15562627235687101
0
-0.05215704693656572
0
0.029974070605230094
0
-0.1664589132187456
0
0.03886121369487543
0
-0.20338549109842927
0
0.024324835964877067
0
-0.05378859243896244
0
-0.08129024490387847
0
-0.10973880844347315
0
0.12188297620405292
1
-0.011126269123081844
0
-0.0063004529215226045
0
0.07341560618937272
1
-0.02688916694910098
0
-0.024936070187858973
0
-0.019987205852155174
0
0.0369331462222273
0
0.07439774506066756
1
-0.03095180828172047
0
-0.06649250913894787
0
-0.10202472490979106
0
-0.0831158000419466
0
-0.03901179288078123
0
0.02274171167238774
0
0.06005592105870231
1
-0.07179551694771681
0
-0.03783621425752636
0
-0.02186912945412688
0
0.0133455995673935
0
0.0034106683338759334
0
-0.04118049812430659
0
0.06962838149747314
1
-0.02010513332399588
0
-0.07385694081414006
0
0.12348476159471393
1
0.09845830454399652
1
-0.014261077029241384
0
-0.03012927803856384
0
-0.030768478618255744
0
0.04399111871529263
0
-0.05843065871727775
0
-0.1015223357772242
0
0.02910816695479055
0
-0.01495428474213711
0
-0.004187796283224519
0
-0.0276761052968189
0
0.036202500814498016
0
-0.008060991738100138
0
-0.040335276805446026
0
0.0443326160987644
0
0.04888388155699206
1
0.0265857620891496
0
-0.04632977265754875
0
-0.05305792111590535
0
-0.14581701278215417
0
-0.010209205616423349
0
0.06649391169077845
1
0.09213593975760881
1
0.07955175789325426
1
0.05220796433238165
1
-0.02238106186376802
0
0.030881683590841764
0
-0.015183513920693307
0
-0.03504726501259932
0
-0.017555742630777103
0
0.009636964048677659
0
-0.0730971460143417
0
0.05042725188573401
1
-0.04161854716025597
0
0.0035375515516769362
0
-0.08059901700601318
0
0.09394231515422957
1
0.0017091424458424184
0
-0.03840654240479481
0
-0.11586408512192924
0
0.03377278276354927
0
-0.04148264769629232
0
0.05297555923486972
1
0.015425520803548615
0
0.09578928566498394
1
-0.14433702903521434
0
0.03150031934131732
0
-0.01644526144763592
0
-0.05901993565281267
0
-0.034290302612040566
0
0.02641606111582563
0
0.04958551709592931
1
-0.016071836115045066
0
-0.041927555517431714
0
-0.1154026072938519
0
-0.0011762544671795514
0
0.12628563809517415
1
-0.05065903143516638
0
-0.01901169481342582
0
-0.01851580069481282
0
-0.0178292629695663
0
-0.025741778379221782
0
-0.06214014413507972
0
-0.06691237273881075
0
0.05525808225309911
1
-0.08853856491490042
0
-0.008852472685960773
0
-0.00858408167631386
0
-0.03258576770918119
0
0.02779270162029817
0
0.02815652531080543
0
0.0798536756348011
1
-0.04391105042998249
0
-0.007802257038843483
0
0.0504161318590559
1
-0.017869621482840537
0
0.031228218503336576
0
0.05577558601978257
1
-0.06357251015833976
0
-0.03680843916372631
0
0.06270099699330452
1
0.052043910365956965
1
-0.1558964871092139
0
0.008636071440522333
0
-0.07719272611539733
0
0.022467131122748504
0
-8.617639250697346E-4
0
0.07173140884809494
1
0.06387984595756184
1
-0.04784507297895452
0
-0.017953085048990406
0
0.007201823481171613
0
0.030592007983654836
0
-0.049874726147942146
0
0.06753545277604099
1
-0.015178234049820757
0
0.11811771512383548
1
0.09796971510027185
1
-0.11405128017646574
0
-0.027109324146676595
0
-0.005042854350580555
0
-0.009937364075219965
0
-0.030520016516056146
0
-0.037188057333732503
0
0.010095575878025558
0
-0.0030948395735255854
0
0.03597841898407545
0
0.08406875609211709
1
0.018567908745829698
0
-0.011274517398862916
0
-0.10955892636139457
0
-0.04633328639996964
0
-0.10427554005880561
0
0.0034024737694726705
0
0.03580398381024286
0
0.04306430050038792
0
-0.13984560467869497
0
0.07485290851617708
1
-0.016603400081661168
0
0.023132937149221957
0
-0.10377725058995813
0
0.08674665697130023
1
-0.07459658040495912
0
0.009185465686563607
0
0.08209808965151609
1
-0.018178551122013786
0
-0.056753519854762034
0
0.0533362711497389
1
0.028621230837049063
0
-0.008490552033116886
0
-0.021568067770354714
0
-0.06297792264519045
0
-0.015520858649763297
0
0.015627819780672805
0
-0.051092054025966026
0
0.06337477525924315
1
-0.02227423593064735
0
-0.02793354723117657
0
-0.018741114408674268
0
-0.14106312392285983
0
0.03201736972989132
0
-0.09707657263759031
0
0.030286865963035578
0
0.08831143163811891
1
-0.020889800742656058
0
-0.058671765842667305
0
-0.09467043581515856
0
0.0276811006907687
0
-0.10158236266951003
0
0.03598778248193067
0
-0.03754226008304633
0
0.04360923740856382
0
0.016428608189154644
0
0.01368591675069533
0
0.023076379996714906
0
0.07346415025146671
1
-0.13678413719219135
0
-0.009389162593332018
0
-0.0812376633753185
0
0.11250994820894818
1
0.06509286135755357
1
-0.08740258280550604
0
-0.05232051080786626
0
-0.061692341610840334
0
-0.148629739398604
0
-0.024571453176945333
0
0.05865616470312394
1
0.021449637044079043
0
0.01560575379888652
0
0.017491326025533042
0
0.0011541998944993783
0
0.14328650953180386
1
-0.013662926403869282
0
0.08276757642578109
1
-0.004321804205014218
0
-0.0027597093857924648
0
-0.060398274745528675
0
0.09447215766079037
1
-0.006469245475303974
0
0.059606309849446384
1
-0.07491332518071808
0
0.0484704335198525
1
0.0673752553048089
1
-0.07656222505251133
0
0.05315692642429698
1
-0.10584659793024045
0
-0.03300130278150804
0
0.11783876503924867
1
0.09539674201342772
1
0.03664586144594826
0
0.007343634656755303
0
-0.1386319836545798
0
-0.038697820588879134
0
0.00845844051281979
0
0.05656205696641982
1
-0.0728709292093746
0
0.10705277596874689
1
0.04435150860093394
0
-0.04392662841718677
0
-0.008661011115566435
0
-0.015080437672520772
0
-0.025133535741188286
0
0.07626226599724577
1
0.04517226015678971
0
0.029947638665840937
0
0.026079187960365513
0
-0.0213819062654343
0
0.055004668284920254
1
0.14865436742856958
1
-0.019048730926559797
0
0.01949172832989897
0
-0.013612862492201706
0
0.044651638787110065
0
0.09038221459058424
1
-0.06815781338673975
0
-0.07671310509542453
0
0.037241288968910324
0
0.003187034501025566
0
0.15491582907464718
1
-0.05171916862121815
0
0.04784243861604103
1
-0.18624659931282672
0
-0.06376977830380516
0
-0.013356980828433165
0
0.021957039492484547
0
0.09707236947374949
1
-0.023426786587742426
0
0.041445760003855775
0
0.0012002797919016019
0
0.042038165195748725
0
0.10977336155894413
1
-0.008533814666151274
0
-0.06532751734045664
0
-0.03330721416100767
0
0.04296218413548456
0
-0.09021626066508014
0
-0.029162539084531057
0
-0.025466566705964453
0
-0.12599976163390075
0
0.06205009297735276
1
0.0020445992380222254
0
-0.041655499625673505
0
0.1498713385446385
1
-0.06462556744960984
0
0.03040664303103748
0
0.03395562108091031
0
0.05800666566396192
1
-0.029532979368847512
0
0.11501969343463243
1
-0.04655605613040663
0
-0.01306140889104255
0
-0.00831531667632398
0
0.04608558736114222
0
-0.006717887117367694
0
0.0021945860735292522
0
0.0376634359432641
0
-0.03070339636219895
0
0.008763697314982598
0
-0.0308179364683105
0
0.018829469036205495
0
-0.001956857064648171
0
0.08431403906703153
1
0.05572623652827933
1
-0.01298241411487994
0
0.033816134039061606
0
0.04626221313743051
0
0.062386849259291374
1
-0.12606382426383464
0
0.03633988944529866
0
0.10073766910298379
1
0.03601064235529307
0
-0.12599139389138744
0
-0.009041774273426518
0
-0.13266070700074672
0
-0.004934598635073376
0
0.09375664721513537
1
0.028685888806177888
0
-0.09628599343340048
0
-0.017202514121026868
0
0.060355307101755136
1
0.1311712959616233
1
-0.012658829031783335
0
0.06570323525216927
1
-0.040350643587653424
0
0.07449064531761854
1
-0.0382762460062728
0
-0.09225128769979862
0
0.07101664981024018
1
-0.0046608208423639195
0
-0.11667291827079071
0
-0.08036806893537689
0
-0.09388034340508221
0
0.01086122619818551
0
0.007628170096696755
0
-0.04659024470522386
0
-0.051687882907110634
0
0.013595894167426376
0
0.12860699266003908
1
0.05273775208545098
1
-0.047208507996903654
0
0.09104967948372945
1
-0.013057369721047343
0
-0.03346130467562781
0
-0.024251432732892396
0
-0.12835194236204484
0
0.04494021940847334
0
0.023865723660939024
0
0.08006496070811227
1
-0.07435310352440988
0
0.040358992837309315
0
0.0036678274417181454
0
0.047358560591223814
1
-0.018147834819412664
0
-0.02349840041294539
0
0.03411440125648737
0
-0.016055214255300678
0
-0.005263444761605008
0
0.021908446078838927
0
-0.06601869161975982
0
-0.04945441054345435
0
0.17855291076253274
1
-0.06174315899301274
0
0.0893221250429075
1
0.019278213923686265
0
-0.07288040864370979
0
0.03332317257192413
0
-0.13946959075938992
0
0.04268846370067447
0
-0.025844723448087137
0
0.11593455553271527
1
0.15656231878160792
1
-0.041493650187713414
0
0.010430361120076928
0
-0.04339039451974293
0
-0.053402779938526775
0
0.007360211865179912
0
-0.12814779129099177
0
-0.012871097869239201
0
-0.14622965585692718
0
0.11342643158733118
1
-0.038061719929358674
0
-0.05516330331159641
0
-0.05390218477986821
0
0.0349263836051098
0
-0.06221989964393112
0
0.12017320697367256
1
0.03420645053764731
0
-0.031268295499415566
0
-0.12129590257907412
0
0.07507535116741701
1
0.10661293995145957
1
-0.08691960178856403
0
0.05488947580163734
1
-0.04381105314651626
0
-0.12038796698680994
0
0.06629537526750545
1
-0.07381191582441446
0
0.06132679851539398
1
0.039342572760186545
0
0.033502417690859224
0
-0.002163757328642904
0
-0.004964479019610975
0
0.1082925279484316
1
0.1026320963257808
1
-0.05437007679665285
0
0.021211245405853642
0
0.13280832809919463
1
0.017220546686633725
0
-0.08097698955018766
0
0.11073657449845209
1
0.014227134614131234
0
-0.13286585108636323
0
-0.011447292467554738
0
-0.07238848073435158
0
0.03734042395077154
0
0.1407278193271239
1
0.05902048115161146
1
0.06756979589960897
1
-0.018289980489074993
0
-0.02855015161790288
0
-0.13633511106374496
0
0.04414709541916664
0
0.012142042734557811
0
-0.0868880997160575
0
0.0934117225764713
1
-0.02852938949379286
0
-0.12928704854261286
0
0.02755949896322298
0
-0.06748794584482214
0
0.018639042441788316
0
0.020809577530804618
0
-0.10196426906204396
0
0.0025833326270810982
0
0.12895515285925385
1
0.06231390514696503
1
0.1305415845347637
1
0.039785999720987744
0
-0.07128765569448157
0
0.02022711031756691
0
-0.02021624383240369
0
-0.03363551781191411
0
0.06573233001722832
1
0.024761953037484002
0
-0.013139006007588785
0
0.06096176998994943
1
0.09739841616076
1
0.0676454833692072
1
-0.03702155251642982
0
-0.036896095828829634
0
0.1418615975646012
1
-0.009884312542236115
0
-0.015448199664005877
0
-0.006121571739476822
0
0.004854108377279903
0
0.07214587915514929
1
-0.003665643088279429
0
0.04270671497447814
0
-0.07847611166492696
0
-0.09916381929676926
0
-0.11565717169770834
0
-0.010644366352201898
0
0.09970627772184258
1
-0.0029118405225910795
0
0.06700839317154698
1
0.025618744114742027
0
0.02455430643655833
0
0.10594397018759646
1
0.06481737074600605
1
-0.07753908344500819
0
0.009030219038570958
0
0.02141278478265009
0
-0.005754940599497169
0
0.07987092779154968
1
0.015596678651505541
0
-0.0576267382006206
0
-0.034755451625121
0
0.02947534403027758
0
-0.03304641584721189
0
0.04961925599219414
1
0.03392248837808238
0
-0.05572606536518602
0
0.04022170633256204
0
-0.04801177191464308
0
-0.08526450349749579
0
0.1598874205790524
1
0.018518747492417158
0
-0.05068764768372279
0
0.010052171203316265
0
-0.02267370413920955
0
-0.01658171405706763
0
-0.1092496034664139
0
-0.03648919432421034
0
0.06667457965631636
1
0.019911638686057796
0
-0.02346722882379981
0
-0.12892644323562794
0
-0.022008653229745784
0
-0.016591732422693132
0
0.05767757463967934
1
0.10922035171398037
1
-0.04319745992102816
0
3.004407909985163E-4
0
0.032515102058158045
0
-0.033659526241502834
0
-0.0385842198997651
0
-0.037912339344981436
0
0.07446617939864036
1
-0.016632465556010927
0
0.04870831560743829
1
0.08946324966395969
1
0.042804211340461085
0
0.03768120691561781
0
-0.1085744877914137
0
-0.0029611651000683316
0
0.02655687330066013
0
0.04982446436351072
1
-0.01916964649974779
0
-0.07564814191951813
0
-0.0587765666063787
0
0.01971990247771487
0
-0.017933614942732646
0
0.0919035872963816
1
-0.10800955502608435
0
-0.07953976449678402
0
-0.17976023294748794
0
0.13363267657891106
1
-0.0024026180499364023
0
-0.021802104386642145
0
6.261263529217503E-4
0
-0.023692960741090112
0
0.11605731927314127
1
0.07235957711071646
1
-0.006934787432943931
0
-0.07736258840558737
0
-0.06410777544282739
0
0.012596338611993269
0
-0.05431718583705968
0
0.0687231666918372
1
0.022447832141283396
0
-0.002592042770704885
0
-0.04883987261113979
0
0.2404376024939439
1
-9.693751772587399E-4
0
0.09490665133919572
1
0.0488988879545379
1
-0.024451640889326654
0
0.07293237053509276
1
-0.014184524686347516
0
-0.02839569178277873
0
-0.034174801427578914
0
-0.05143880267295232
0
0.004080586592745942
0
-0.04237982613918134
0
0.0165412846444899
0
0.20371463626166184
1
0.024345223333363347
0
-0.03755646992501954
0
-0.1067795132712131
0
-0.06374568785044238
0
-0.11417491828895718
0
0.011650329741280316
0
-0.024589680388308995
0
0.12424713357657419
1
0.03123503276498597
0
-7.487338122405576E-4
0
0.007224751378867406
0
-0.005354205296114627
0
0.07053903815991529
1
-0.12229827996176672
0
-0.06877317250555628
0
-0.005533767080380839
0
0.06602135264681527
1
0.08451219846553543
1
-0.05366333593839022
0
0.004985451529816563
0
-0.010617919974204191
0
0.12546615079237286
1
-0.03623829446974529
0
-0.015631760615303
0
0.12430714028874648
1
0.004566894391692013
0
0.08268599794718916
1
-0.029457109372364464
0
-0.012549461068346358
0
0.15702887448282943
1
0.10349390272247724
1
0.06466366262210227
1
-0.03333592823178105
0
0.01596225056454437
0
0.007077586989127804
0
0.036036527198344666
0
-0.01650490489109474
0
-0.06028293205119038
0
-0.02800637471760073
0
0.034995308127921405
0
-0.04438648130705534
0
-0.04991773902343875
0
0.008730275464631178
0
0.002289116412096801
0
0.008347764446750536
0
0.08995562902958423
1
0.021309645899244306
0
0.04306922807231015
0
0.0312112547190681
0
0.008055111361202965
0
-0.07159467871965383
0
0.028245861976675415
0
0.011036877331439494
0
-0.15635689622887655
0
-0.009847621374467768
0
-0.013724168186448185
0
0.05343363938678848
1
-0.02361199307943119
0
-0.06982317508530646
0
-0.11426450320069569
0
0.0234025259301267
0
-0.027725255959950495
0
-0.00572349893383756
0
0.005891277874411395
0
0.14484770240947153
1
-0.006884148462477376
0
-0.08829815831566419
0
0.07878543105806403
1
-0.01485750594776102
0
0.12006884060035507
1
-0.024949835189063414
0
-0.05362977773525651
0
0.005951968275765373
0
-0.03717208459292095
0
0.054395419667557676
1
-0.08568736882273507
0
-0.060366574266916356
0
-0.18368928291850325
0
-0.12064551899163099
0
-0.0828653063258692
0
-0.02035319131632873
0
0.014498105449596167
0
-0.03913891393490543
0
-0.033705439202541695
0
0.011745440147457747
0
-0.04158381390869356
0
0.03547108764149398
0
0.04690937096680861
1
-0.04177769784383603
0